$ANSIBLE_VAULT;1.1;AES256
38393865376636643364633835646134343664386439656561333730363263643138663237666161
3166376361616432343938383561363338383635363530330a626134613130633838613835626632
34316236653961313664636532623631663333623162363432386236653739343533333835656461
3661653535396333340a613264613530373032336132306539643961306462386134313562353964
63643537373438313234383736633035396534343231633939306531386234326662323731393937
63393939663033343062626164316266366363393436636466623431333630633966646666666362
61366562376565636232393039356138393937333138346362626532653537393538393735376430
39663161353464643763346132323166656334346131663638616536396432636239633264343938
33623961643233303439366636653139313531636331343230316430633033383633363432356137
35366139323436383132643161643139303433623334356261316361383932343537346337353062
30646536653036303335383362396562643766323532333763303264663633626334326162313663
33353562633164353634663639616633376535653265326465323932373231613531323131636332
63393034336264653163303537623638306539313962316330636231373432666631393634346561
63303736393462633837323533646231366662363162353565666438613536623031383131333833
38636432376439353966346538313362646263376266306337326636333436373734383962316234
35306233323263643839666463633961393837323964613737346531356332373830336535656339
30633830643333626334336137343730383863376338336264333361626163623563373937373163
33333766363230656534383530366130313439653632386662386334333236643537313331636430
33653434643264353665353833313864363230656236366265616139396637393731633930386236
30313939376363633237646437363161356135663738633262393636636536363036393239623337
65616264333962323435356634383036323864646236383733626435643530643263663531323863
34376433633361326530373637636565303134623431386465353963646362643030323461373131
34343765363935346139373737386535613033376335643131616536383066303036343566393231
37656139623635323134333431383833313731373737346534326665663734303862663038373636
37393730346365313666643163643934366139613766383863326435316639373239636539636437
30353734383035646336636135643865373134303930663330636538363333653762346436333563
32663034313831383463636163383433653665643534663966626638633634336439343437356131
61363537346366303964393439636332626465373432323033363966353862646564626130316166
39663865366532383639643539366262646635356462643365303864323032313762373236356231
3732313265373462656237383539626463313436623830333936
